3833 1657 3313 3319 3307 2113 1723 3671 2543 2777 3583 2593 
3581 3137 3163 2311 2459 3643 2441 1483 2969 2683 1787 1543 
3037 1039 2837 2027 1237 3697 2281 2447 1777 2143 2029 3373 
1487 3853 2971 3203 2063 3593 2719 1597 1949 2347 1889 3863 
3947 3191 1187 2503 3967 1277 2083 1451 2251 3407 1621 1493 
1153 3989 3109 1933 1607 1409 3229 3083 3889 1381 2381 2137 
2129 3823 2539 1063 2239 1009 2617 1499 1741 2467 3323 1619 
1733 2221 2789 3259 1559 2689 3181 2939 3253 3851 2657 2843 
3881 2803 2081 3943 3793 1481 3637 1601 2833 3877 2089 3613 
1399 1087 2477 1433 2879 3739 2713 2663 1759 2857 3529 2411 
1511 2333 1709 1579 3067 1549 3617 3821 3049 1151 1871 1117 
3517 2897 2017 3457 1699 3023 1873 1097 3389 3359 1103 2999 
